1
161
301
465
601
753
901
1057
1197
1317
1437
1557
1677
1801
1953
2101
2257
2397
2517
2637
2757
2877
2997
3117
3241
3393
3553
3717
3837
3961
4113
4273
4437
4557
4677
4797
4921
5073
5221
5341
5505
5637
5757
5881
6033
6181
6337
6477
6597
6717
6841
6993
7141
7261
7381
7501
7665
7797
7917
8037
8157
8281
8433
8593
8757
8877
8997
9117
9241
9393
9553
9717
9837
9961
10113
10261
10382
10545
10677
10797
10921
11073
11233
11397
11517
11641
11793
11941
12097
12237
12361
12513
12661
12817
12957
13077
13197
13321
13473
13633
13797
13917
14041
14193
14353
14517
14637
14757
14877
14997
15117
15237
15357
15481
15633
15793
15957
16077
16197
16317
16441
16593
16753
16917
17037
17157
17277
17397
17517
17641
17793
17941
18061
18225
18361
18513
18673
18837
18957
19077
19197
19321
19473
19621
19777
19917
20037
20157
20277
20397
20521
20673
20821
20977
21117
21241
21393
21553
21717
21837
21957
22077
22201
22353
22501
22621
22785
22921
23073
23221
23377
23517
23637
23757
23881
24033
24181
24301
24465
24597
24717
24837
24957
25081
25233
25381
25537
25677
25801
25953
26101
26221
26341
26461
26581
26737
26877
27001
27153
27313
27477
27597
27717
27837
27961
28113
28273
28437
28557
28681
28833
28981
29137
29277
29401
29553
29713
29877
30002
30161
30297
30421
30577
30717
30837
30957
31081
31233
31393
31557
31677
31797
31917
32037
32157
32281
32433
32593
32757
32877
32997
33117
33237
33357
33481
33633
33781
33937
34077
34201
34353
34513
34677
34797
34917
35037
35157
35277
35397
35517
35641
35793
35941
36061
36225
36361
36513
36661
36817
36957
37077
37197
37321
37473
37633
37797
37917
38041
38193
38341
38461
38625
38761
38913
39073
39237
39357
39477
39597
39717
39837
39957
40077
40197
40317
40441
40593
40741
40861
40981
41137
41277
41397
41517
41641
41793
41941
42061
42225
42357
42477
42597
42717
42837
42957
43081
43233
43381
43501
43621
43777
43917
44037
44157
44277
44397
44521
44673
44821
44941
45061
45181
45301
45421
45585
45721
45873
46021
46141
46305
46437
46557
46677
46797
46921
47073
47233
47397
47517
47637
47757
47877
47997
48117
48237
48357
48477
48601
48753
48913
49077
49202
49361
49501
49621
49777
49917
50037
50157
50281
50433
50581
50701
50821
50977
51117
51241
51393
51541
51697
51837
51957
52077
52201
52353
52501
52657
52797
52917
53037
53157
53277
53401
53553
53713
53877
53997
54117
54237
54361
54513
54661
54781
54945
55077
55197
55317
55437
55557
55677
55797
55917
56041
56193
56353
56517
56637
56761
56913
57061
57181
57345
57481
57633
57793
57957
58077
58201
58353
58513
58677
58797
58921
59073
59221
59341
59461
59617
59757
59877
59997
60121
60273
60421
60541
60661
60817
60957
61077
61197
61317
61437
61561
61682
61841
61977
62101
62257
62397
62517
62637
62761
62913
63061
63181
63345
63477
63597
63721
63873
64021
64141
64305
64441
64593
64741
64897
65037
65157
65277
65397
65517
65641
65793
65953
66117
66242
66401
66541
66705
66841
66993
67153
67317
67437
67561
67713
67861
68017
68157
68277
68397
68517
68637
68757
68877
68997
69117
69241
69393
69553
69717
69837
69957
70077
70201
70353
70501
70621
70785
70921
71073
71221
71377
71517
71637
71757
71877
71997
72117
72237
72361
72513
72673
72837
72957
73077
73197
73321
73473
73633
73797
73917
74037
74157
74277
74397
74517
74637
74757
74877
75001
75153
75313
75477
75597
75721
75873
76021
76141
76305
76453
76617
76741
76897
77037
77157
77277
77397
77517
77637
77757
77881
78033
78193
78357
78477
78597
78717
78837
78957
79081
79233
79381
79501
79665
79801
79953
80113
80277
80397
80521
80673
80821
80941
81105
81237
81357
81481
81633
81781
81902
82065
82197
82317
82441
82593
82753
82917
83037
83161
83313
83461
83581
83745
83877
83997
84117
84237
84361
84513
84661
84817
84957
85077
85197
85317
85437
85557
85677
85801
85953
86101
86221
86341
86461
86625
86761
86913
87061
87181
87301
87457
87597
87717
87837
87961
88113
88261
88417
88557
88677
88797
88917
89037
89161
89313
89473
89637
89757
89877
89997
90117
90237
90361
90513
90673
90837
90957
91081
91233
91381
91501
91621
91741
91861
92017
92157
92277
92397
92521
92673
92833
92997
93117
93241
93393
93541
93697
93837
93961
94113
94273
94437
94557
94701
948